0,486
0,485
0,315
0,280
54,4
54,3
54,2
54,1
54,0
53,3
53,2
53,1
53,0
0,479
0,475
51,5
51,4
51,3
51,2
51,1
51,0
0,471
52,3
52,2
52,1
52,0
0,483
24,3
24,2
24,1
24,0
50,5
50,4
50,3
50,2
50,1
50,0
0,308
0,300
0,297
49,4
49,3
49,2
49,1
49,0
0,294
0,293
48,3
48,2
48,1
48,0
0,286
47,3
47,2
0,274
47,1
47,0
46,3
46,2
46,1
46,0
45,5
45,4
45,3
45,2
0,472
45,1
45,0
14,3
0,243
13,3
0,268
0,267
0,263
0,262
0,255
0,241
0,240
0,227
0,226
0,225
0,221
0,220
0,219
0,217
0,207
0,206
0,204
0,203
0,202
0,201
0,306
0,200
0,302
0,198
0,197
0,62
0,61
0,60
0,55
0,52
0,51
0,50
0,313
0,49
23,34
23,33
23,32
23,31
23,30
23,29
23,28
23,27
23,26
23,25
23,24
23,23
23,22
23,21
23,20
23,19
23,18
23,17
23,16
23,15
23,14
23,13
23,12
23,11
23,10
23,9
23,8
23,7
23,6
23,5
23,4
23,3
0,6
0,470
0,237
0,469
0,239
0,468
0,238
0,467
0,234
0,466
0,236
0,465
0,235
0,464
0,231
0,233
0,463
0,232
0,228
0,462
0,230
0,229
44,4
44,3
44,2
0,461
0,224
44,1
44,0
0,460
0,223
0,459
0,222
43,5
43,4
43,3
43,2
0,458
0,218
43,1
43,0
0,214
0,457
0,216
0,456
